4
0, 0.2601686154782594, 0.2514264268015345, 0.8044147262496527, 0.4581580497575465
0.8199608387199645, 0, 0, 0.1182706838391937, 0
0.4050950465254267, 0.9568770621054469, 0.7157150644841195, 0.39858042787980774, 0
0.8176623927270555, 0.6790094595380438, 0.30370564715102744, 0.8728137556991918, 0
0.5622650158287243, 0.1172216317337148, 0, 0, 0.8049353994320004
0.6637333095079393, 0.10982013918882316, 0, 0.6931010007993093, 0.2943415005826322
0.055687961160081345, 0.13589207081953358, 0.17077372458050522, 0.2576445953619495, 0.9521116307632099
0.09166371959034103, 0.27814991985193593, 0.713747884418307, 0.543278349411362, 0.42634192911181457
0.27796880670616564, 0, 0.9187400579732027, 0.333813263974685, 0.8495245432316587
0.22987620325101188, 0.5463869814804273, 0, 0.45729015980172827, 0.4312741206380414
0.1569739808187527, 0.633913439862281, 0.4364344993513246, 0.04126266843494775, 0.7403477948442043
0.007228399704575117, 0.5614535093072136, 0.0370985378388462, 0.15598345771961875, 0.1973187854456261
0.6722686932691491, 0, 0.116675073367276, 0.23652033340257816, 0.9322486947385299
0.9234728254055408, 0, 0, 0.3172132300915368, 0.09766111651004727
0, 0.3038950585829109, 0, 0.2559054168424779, 0.13785097364917387
0.5647454089446252, 0.8431700880426275, 0.15932390713160383, 0, 0
0.04612411439788622, 0, 0.6345406251111886, 0.8408787356615007, 0
0.394962578045973, 0.6278286124490897, 0.8325871227549393, 0.10524794273482596, 0.30738916940366734
0.9022371603974946, 0, 0.22307837357320215, 0.8071856029819872, 0.5702844327664762
0.7188623876252146, 0, 0.3629957622276535
0.7799999129607248, 0.01339349389335387, 0.6608553057275606
0.4906781959196992, 0.7015846773977609, 0.2910227807631961
0, 0, 0.2952585498212541
0, 0.4603840078453878, 0.5202085105122549
